o 0
p 11.21 0 18.5099
s 0.05 0.05 0.05
r -0.84999 152.9 0

o 1
p -24.451 -0.15 -0.504296
s 1 1 1
r 0.0999988 13.4999 0

o 2
p -3.0258 1.25 -10.6039
s 2.54007 2.54007 2.54007
r 0 60 0
a portal

o 3
p 8.94503 15 16.576
s 2.95 2.95 2.95
r 0 134.65 0
a superman

o 4
p 505 0 500
r 0 48 0
s 2.67 2.67 2.67

o 4
p -352 0 377
r 0 132 0
s 1.67 1.67 1.67

o 4
p -732 0 213
r 0 8 0
s 0.47 0.47 0.47

o 4
p 263 0 33
r 0 36 0
s 1.60333 1.60333 1.60333

o 4
p -609 0 -679
r 0 92 0
s 2.67 2.67 2.67

o 4
p -802 0 294
r 0 188 0
s 1.10333 1.10333 1.10333

o 4
p 223 0 230
r 0 353 0
s 2.10333 2.10333 2.10333

o 4
p -231 0 697
r 0 31 0
s 3.13667 3.13667 3.13667

o 4
p 287 0 -636
r 0 174 0
s 2.50333 2.50333 2.50333

o 4
p 464 0 127
r 0 289 0
s 2.43667 2.43667 2.43667

o 4
p 672 0 -634
r 0 247 0
s 2.10333 2.10333 2.10333

o 4
p 391 0 908
r 0 357 0
s 2.13667 2.13667 2.13667

o 4
p -520 0 220
r 0 247 0
s 1.30333 1.30333 1.30333

o 4
p 740 0 29
r 0 126 0
s 2.27 2.27 2.27

o 4
p -823 0 649
r 0 58 0
s 3.03667 3.03667 3.03667

o 4
p -644 0 924
r 0 281 0
s 0.536667 0.536667 0.536667

o 4
p -432 0 297
r 0 303 0
s 3.07 3.07 3.07

o 4
p -181 0 410
r 0 358 0
s 0.87 0.87 0.87

o 4
p -241 0 194
r 0 215 0
s 1.37 1.37 1.37

o 4
p -396 0 -285
r 0 141 0
s 2.50333 2.50333 2.50333

o 4
p 297 0 -519
r 0 348 0
s 0.736667 0.736667 0.736667

o 4
p 295 0 -530
r 0 330 0
s 1.73667 1.73667 1.73667

o 4
p -972 0 169
r 0 305 0
s 2.33667 2.33667 2.33667

o 4
p 283 0 705
r 0 194 0
s 0.336667 0.336667 0.336667

o 4
p -426 0 -637
r 0 60 0
s 3.27 3.27 3.27

o 4
p 248 0 687
r 0 237 0
s 1.97 1.97 1.97

o 4
p -892 0 846
r 0 85 0
s 1.47 1.47 1.47

o 4
p 548 0 -570
r 0 206 0
s 0.00333333 0.00333333 0.00333333

o 4
p -407 0 -464
r 0 149 0
s 0.303333 0.303333 0.303333

o 4
p -829 0 -103
r 0 187 0
s 0.203333 0.203333 0.203333

o 4
p 832 0 -627
r 0 274 0
s 2.77 2.77 2.77

o 4
p 972 0 -415
r 0 173 0
s 2.47 2.47 2.47

o 4
p -352 0 -778
r 0 340 0
s 0.603333 0.603333 0.603333

o 4
p 596 0 667
r 0 23 0
s 2.10333 2.10333 2.10333

o 4
p -391 0 -527
r 0 208 0
s 1.27 1.27 1.27

o 4
p 800 0 488
r 0 83 0
s 2.20333 2.20333 2.20333

o 4
p 992 0 279
r 0 236 0
s 1.47 1.47 1.47

o 4
p 726 0 979
r 0 212 0
s 1.07 1.07 1.07

o 4
p 126 0 318
r 0 158 0
s 0.536667 0.536667 0.536667

o 4
p -356 0 890
r 0 49 0
s 1.50333 1.50333 1.50333

o 4
p 272 0 -263
r 0 152 0
s 1.47 1.47 1.47

o 4
p 193 0 -69
r 0 54 0
s 0.07 0.07 0.07

o 4
p -792 0 -150
r 0 169 0
s 1.70333 1.70333 1.70333

o 4
p 934 0 131
r 0 237 0
s 1.80333 1.80333 1.80333

o 4
p -198 0 -42
r 0 211 0
s 1.17 1.17 1.17

o 4
p -781 0 -524
r 0 49 0
s 2.47 2.47 2.47

o 4
p 388 0 507
r 0 202 0
s 1.50333 1.50333 1.50333

o 4
p -727 0 78
r 0 127 0
s 1.30333 1.30333 1.30333

o 4
p 430 0 -697
r 0 319 0
s 0.503333 0.503333 0.503333

o 4
p 353 0 -733
r 0 25 0
s 0.503333 0.503333 0.503333

o 4
p -175 0 -458
r 0 343 0
s 0.303333 0.303333 0.303333

o 4
p 374 0 -560
r 0 97 0
s 2.00333 2.00333 2.00333

o 4
p -856 0 -132
r 0 284 0
s 1.90333 1.90333 1.90333

o 4
p -640 0 587
r 0 156 0
s 3.17 3.17 3.17

o 4
p 492 0 807
r 0 78 0
s 2.93667 2.93667 2.93667

o 4
p 40 0 179
r 0 190 0
s 1.37 1.37 1.37

o 4
p -107 0 735
r 0 209 0
s 3.30333 3.30333 3.30333

o 4
p 910 0 -134
r 0 70 0
s 2.87 2.87 2.87

o 4
p -487 0 -116
r 0 119 0
s 2.80333 2.80333 2.80333

o 4
p -346 0 -655
r 0 190 0
s 1.77 1.77 1.77

o 4
p -512 0 -422
r 0 48 0
s 2.93667 2.93667 2.93667

o 4
p 726 0 694
r 0 59 0
s 2.27 2.27 2.27

o 4
p 35 0 231
r 0 337 0
s 1.77 1.77 1.77

o 4
p -913 0 339
r 0 81 0
s 3.20333 3.20333 3.20333

o 4
p -158 0 934
r 0 278 0
s 2.93667 2.93667 2.93667

o 4
p 516 0 -230
r 0 129 0
s 0.07 0.07 0.07

o 4
p -889 0 -428
r 0 110 0
s 3.00333 3.00333 3.00333

o 4
p -608 0 474
r 0 90 0
s 2.13667 2.13667 2.13667

o 4
p 826 0 581
r 0 49 0
s 3.23667 3.23667 3.23667

o 4
p -955 0 -948
r 0 343 0
s 1.13667 1.13667 1.13667

o 4
p -692 0 -713
r 0 234 0
s 0.303333 0.303333 0.303333

o 4
p -375 0 684
r 0 29 0
s 1.03667 1.03667 1.03667

o 4
p -790 0 -878
r 0 166 0
s 2.33667 2.33667 2.33667

o 4
p -477 0 -270
r 0 232 0
s 1.37 1.37 1.37

o 4
p 902 0 -407
r 0 256 0
s 0.736667 0.736667 0.736667

o 4
p 737 0 -510
r 0 59 0
s 1.57 1.57 1.57

o 4
p -220 0 343
r 0 42 0
s 0.103333 0.103333 0.103333

o 4
p 655 0 422
r 0 77 0
s 1.93667 1.93667 1.93667

o 4
p -419 0 -908
r 0 190 0
s 1.07 1.07 1.07

o 4
p 119 0 592
r 0 69 0
s 0.236667 0.236667 0.236667

o 4
p -669 0 -65
r 0 16 0
s 2.00333 2.00333 2.00333

o 4
p 784 0 150
r 0 113 0
s 2.20333 2.20333 2.20333

o 4
p 536 0 556
r 0 139 0
s 1.53667 1.53667 1.53667

o 4
p -854 0 -396
r 0 40 0
s 0.303333 0.303333 0.303333

o 4
p -499 0 -483
r 0 156 0
s 0.903333 0.903333 0.903333

o 4
p 282 0 335
r 0 166 0
s 0.636667 0.636667 0.636667

o 4
p 335 0 305
r 0 254 0
s 0.07 0.07 0.07

o 4
p 347 0 676
r 0 297 0
s 3.10333 3.10333 3.10333

o 4
p -600 0 155
r 0 342 0
s 0.67 0.67 0.67

o 4
p -46 0 827
r 0 136 0
s 0.936667 0.936667 0.936667

o 4
p 192 0 274
r 0 314 0
s 1.03667 1.03667 1.03667

o 4
p -351 0 -734
r 0 112 0
s 1.33667 1.33667 1.33667

o 4
p 828 0 344
r 0 130 0
s 1.43667 1.43667 1.43667

o 4
p -463 0 -390
r 0 304 0
s 2.53667 2.53667 2.53667

o 4
p 672 0 -332
r 0 320 0
s 2.13667 2.13667 2.13667

o 4
p -755 0 -446
r 0 208 0
s 2.53667 2.53667 2.53667

o 4
p 392 0 -772
r 0 358 0
s 2.80333 2.80333 2.80333

o 4
p 183 0 862
r 0 141 0
s 1.90333 1.90333 1.90333

o 4
p -91 0 -252
r 0 284 0
s 3.00333 3.00333 3.00333

o 4
p 47 0 -66
r 0 72 0
s 2.23667 2.23667 2.23667

o 4
p 376 0 -403
r 0 11 0
s 2.70333 2.70333 2.70333

o 4
p 738 0 426
r 0 85 0
s 3.23667 3.23667 3.23667

o 4
p -958 0 200
r 0 251 0
s 0.97 0.97 0.97

o 4
p 232 0 -744
r 0 260 0
s 1.10333 1.10333 1.10333

o 4
p -58 0 -585
r 0 256 0
s 0.136667 0.136667 0.136667

o 4
p 447 0 -340
r 0 193 0
s 2.00333 2.00333 2.00333

o 4
p 36 0 -292
r 0 124 0
s 1.30333 1.30333 1.30333

o 4
p -254 0 -270
r 0 215 0
s 1.30333 1.30333 1.30333

o 4
p 798 0 -361
r 0 28 0
s 2.50333 2.50333 2.50333

o 4
p -96 0 -199
r 0 193 0
s 2.40333 2.40333 2.40333

o 4
p 76 0 -677
r 0 46 0
s 1.77 1.77 1.77

o 4
p -900 0 345
r 0 61 0
s 3.23667 3.23667 3.23667

o 4
p 616 0 969
r 0 188 0
s 2.30333 2.30333 2.30333

o 4
p -642 0 121
r 0 126 0
s 3.10333 3.10333 3.10333

o 4
p 748 0 -436
r 0 185 0
s 0.136667 0.136667 0.136667

o 4
p -694 0 327
r 0 83 0
s 0.236667 0.236667 0.236667

o 4
p 161 0 786
r 0 141 0
s 1.93667 1.93667 1.93667

o 4
p -768 0 -908
r 0 183 0
s 1.40333 1.40333 1.40333

o 4
p -106 0 -913
r 0 240 0
s 2.20333 2.20333 2.20333

o 4
p 140 0 -342
r 0 234 0
s 1.57 1.57 1.57

o 4
p 58 0 -448
r 0 275 0
s 2.47 2.47 2.47

o 4
p 924 0 -324
r 0 189 0
s 0.836667 0.836667 0.836667

o 4
p 834 0 600
r 0 102 0
s 1.07 1.07 1.07

o 4
p 701 0 31
r 0 236 0
s 0.203333 0.203333 0.203333

o 4
p -77 0 -64
r 0 170 0
s 2.30333 2.30333 2.30333

o 4
p 125 0 427
r 0 307 0
s 1.13667 1.13667 1.13667

o 4
p 511 0 955
r 0 167 0
s 2.40333 2.40333 2.40333

o 4
p 991 0 548
r 0 101 0
s 2.57 2.57 2.57

o 4
p -551 0 -240
r 0 243 0
s 3.17 3.17 3.17

o 4
p -682 0 431
r 0 120 0
s 2.33667 2.33667 2.33667

o 4
p 188 0 -583
r 0 217 0
s 1.80333 1.80333 1.80333

o 4
p 293 0 702
r 0 197 0
s 0.603333 0.603333 0.603333

o 4
p 815 0 214
r 0 322 0
s 2.33667 2.33667 2.33667

o 4
p 22 0 -60
r 0 254 0
s 1.43667 1.43667 1.43667

o 4
p 568 0 -854
r 0 67 0
s 1.23667 1.23667 1.23667

o 4
p -415 0 518
r 0 229 0
s 0.103333 0.103333 0.103333

o 4
p -917 0 576
r 0 38 0
s 0.536667 0.536667 0.536667

o 4
p 364 0 -670
r 0 80 0
s 0.203333 0.203333 0.203333

o 4
p 168 0 714
r 0 102 0
s 1.00333 1.00333 1.00333

o 4
p -881 0 714
r 0 112 0
s 0.57 0.57 0.57

o 4
p 865 0 -978
r 0 161 0
s 2.60333 2.60333 2.60333

o 4
p 845 0 551
r 0 215 0
s 0.17 0.17 0.17

o 4
p -376 0 985
r 0 330 0
s 2.90333 2.90333 2.90333

o 4
p -207 0 722
r 0 348 0
s 3.07 3.07 3.07

o 4
p 708 0 -755
r 0 98 0
s 2.40333 2.40333 2.40333

o 4
p -269 0 -442
r 0 350 0
s 0.97 0.97 0.97

o 4
p -955 0 765
r 0 291 0
s 2.03667 2.03667 2.03667

o 4
p 988 0 81
r 0 65 0
s 0.87 0.87 0.87

o 4
p -390 0 -443
r 0 119 0
s 2.50333 2.50333 2.50333

o 4
p -136 0 161
r 0 215 0
s 3.00333 3.00333 3.00333

o 4
p -455 0 138
r 0 316 0
s 1.70333 1.70333 1.70333

o 4
p -509 0 -514
r 0 1 0
s 1.00333 1.00333 1.00333

o 4
p 368 0 916
r 0 112 0
s 1.90333 1.90333 1.90333

o 4
p 771 0 -172
r 0 20 0
s 1.10333 1.10333 1.10333

o 4
p -58 0 86
r 0 340 0
s 2.00333 2.00333 2.00333

o 4
p 194 0 529
r 0 217 0
s 0.503333 0.503333 0.503333

o 4
p -449 0 -325
r 0 33 0
s 0.00333333 0.00333333 0.00333333

o 4
p -270 0 931
r 0 346 0
s 2.50333 2.50333 2.50333

o 4
p 823 0 -219
r 0 335 0
s 0.336667 0.336667 0.336667

o 4
p 398 0 -462
r 0 6 0
s 1.20333 1.20333 1.20333

o 4
p 174 0 554
r 0 222 0
s 0.836667 0.836667 0.836667

o 4
p -24 0 -26
r 0 195 0
s 3.20333 3.20333 3.20333

o 4
p -443 0 -900
r 0 78 0
s 2.10333 2.10333 2.10333

o 4
p -662 0 656
r 0 10 0
s 2.87 2.87 2.87

o 4
p -823 0 -1000
r 0 197 0
s 2.70333 2.70333 2.70333

o 4
p 297 0 -637
r 0 91 0
s 2.07 2.07 2.07

o 4
p 630 0 -300
r 0 42 0
s 1.30333 1.30333 1.30333

o 4
p 172 0 -114
r 0 121 0
s 1.20333 1.20333 1.20333

o 4
p -975 0 -602
r 0 79 0
s 3.20333 3.20333 3.20333

o 4
p -685 0 -37
r 0 61 0
s 2.47 2.47 2.47

o 4
p 283 0 -691
r 0 157 0
s 1.73667 1.73667 1.73667

o 4
p -302 0 -572
r 0 15 0
s 2.07 2.07 2.07

o 4
p 452 0 -44
r 0 160 0
s 2.83667 2.83667 2.83667

o 4
p -849 0 999
r 0 206 0
s 1.17 1.17 1.17

o 4
p 251 0 -187
r 0 339 0
s 0.736667 0.736667 0.736667

o 4
p -929 0 611
r 0 60 0
s 0.57 0.57 0.57

o 4
p -193 0 -333
r 0 345 0
s 2.73667 2.73667 2.73667

o 4
p -568 0 917
r 0 18 0
s 2.87 2.87 2.87

o 4
p -709 0 -232
r 0 289 0
s 0.903333 0.903333 0.903333

o 4
p -758 0 -775
r 0 331 0
s 3.23667 3.23667 3.23667

o 4
p -734 0 -612
r 0 50 0
s 1.53667 1.53667 1.53667

o 4
p -373 0 -225
r 0 142 0
s 2.73667 2.73667 2.73667

o 4
p -833 0 -838
r 0 219 0
s 1.13667 1.13667 1.13667

o 4
p -1000 0 -137
r 0 287 0
s 1.20333 1.20333 1.20333

o 4
p 916 0 608
r 0 188 0
s 2.80333 2.80333 2.80333

o 4
p -609 0 -452
r 0 173 0
s 0.836667 0.836667 0.836667

o 4
p 678 0 594
r 0 74 0
s 2.87 2.87 2.87

o 4
p 729 0 -928
r 0 199 0
s 3.13667 3.13667 3.13667

o 4
p -888 0 -206
r 0 15 0
s 0.203333 0.203333 0.203333

o 4
p 151 0 -470
r 0 238 0
s 2.17 2.17 2.17

o 4
p 386 0 -534
r 0 23 0
s 2.97 2.97 2.97

o 4
p 672 0 -220
r 0 83 0
s 0.0366667 0.0366667 0.0366667

o 4
p 574 0 162
r 0 120 0
s 2.17 2.17 2.17

o 4
p 694 0 -630
r 0 142 0
s 0.236667 0.236667 0.236667

o 4
p -26 0 -508
r 0 42 0
s 1.73667 1.73667 1.73667

o 4
p -393 0 -899
r 0 271 0
s 1.00333 1.00333 1.00333

o 4
p 493 0 -725
r 0 358 0
s 3.13667 3.13667 3.13667

o 4
p -478 0 621
r 0 114 0
s 0.136667 0.136667 0.136667

o 4
p -61 0 767
r 0 7 0
s 1.90333 1.90333 1.90333

o 4
p 546 0 280
r 0 39 0
s 2.13667 2.13667 2.13667

o 4
p 240 0 -961
r 0 141 0
s 1.77 1.77 1.77

o 4
p -789 0 -673
r 0 328 0
s 2.73667 2.73667 2.73667

o 4
p 949 0 -710
r 0 210 0
s 2.93667 2.93667 2.93667

o 4
p 306 0 -794
r 0 300 0
s 1.37 1.37 1.37

o 4
p 192 0 -719
r 0 195 0
s 2.13667 2.13667 2.13667

o 4
p -483 0 -62
r 0 62 0
s 0.503333 0.503333 0.503333

o 4
p 715 0 104
r 0 248 0
s 1.97 1.97 1.97

o 4
p 940 0 -364
r 0 53 0
s 2.37 2.37 2.37

o 4
p 193 0 739
r 0 346 0
s 2.37 2.37 2.37

o 4
p 165 0 429
r 0 186 0
s 0.97 0.97 0.97

o 4
p 5 0 -876
r 0 337 0
s 0.17 0.17 0.17

o 4
p -901 0 -759
r 0 257 0
s 0.303333 0.303333 0.303333

o 4
p -527 0 289
r 0 350 0
s 2.37 2.37 2.37

o 4
p 992 0 -907
r 0 52 0
s 0.17 0.17 0.17

o 4
p -158 0 -810
r 0 212 0
s 1.37 1.37 1.37

o 4
p -828 0 927
r 0 276 0
s 1.23667 1.23667 1.23667

o 4
p 829 0 -947
r 0 32 0
s 0.836667 0.836667 0.836667

o 4
p -982 0 107
r 0 144 0
s 0.636667 0.636667 0.636667

o 4
p 552 0 631
r 0 147 0
s 2.47 2.47 2.47

o 4
p 584 0 324
r 0 95 0
s 1.83667 1.83667 1.83667

o 4
p 4 0 -420
r 0 131 0
s 3.07 3.07 3.07

o 4
p 212 0 -906
r 0 336 0
s 1.23667 1.23667 1.23667

o 4
p -58 0 49
r 0 31 0
s 0.0366667 0.0366667 0.0366667

o 4
p 319 0 -734
r 0 85 0
s 2.90333 2.90333 2.90333

o 4
p -799 0 272
r 0 23 0
s 0.97 0.97 0.97

o 4
p 343 0 740
r 0 153 0
s 3.03667 3.03667 3.03667

o 4
p 519 0 -69
r 0 277 0
s 0.87 0.87 0.87

o 4
p 738 0 -308
r 0 76 0
s 2.23667 2.23667 2.23667

o 4
p -44 0 39
r 0 171 0
s 0.97 0.97 0.97

o 4
p 681 0 876
r 0 333 0
s 0.903333 0.903333 0.903333

o 4
p 249 0 -798
r 0 298 0
s 0.636667 0.636667 0.636667

o 4
p 89 0 588
r 0 40 0
s 2.17 2.17 2.17

o 4
p 49 0 724
r 0 230 0
s 0.503333 0.503333 0.503333

o 4
p 141 0 198
r 0 41 0
s 2.97 2.97 2.97

o 4
p -146 0 -132
r 0 212 0
s 1.67 1.67 1.67

o 4
p 214 0 41
r 0 54 0
s 1.70333 1.70333 1.70333

o 4
p -52 0 589
r 0 136 0
s 0.77 0.77 0.77

o 4
p -640 0 319
r 0 255 0
s 3.13667 3.13667 3.13667

o 4
p -719 0 -359
r 0 41 0
s 0.303333 0.303333 0.303333

o 4
p 706 0 157
r 0 63 0
s 0.903333 0.903333 0.903333

o 4
p 691 0 565
r 0 125 0
s 3.03667 3.03667 3.03667

o 4
p 273 0 870
r 0 150 0
s 0.00333333 0.00333333 0.00333333

o 4
p -404 0 954
r 0 221 0
s 0.936667 0.936667 0.936667

o 4
p -425 0 -41
r 0 66 0
s 0.17 0.17 0.17

o 4
p 269 0 250
r 0 51 0
s 1.80333 1.80333 1.80333

o 4
p 688 0 -565
r 0 257 0
s 1.50333 1.50333 1.50333

o 4
p 920 0 -489
r 0 15 0
s 0.236667 0.236667 0.236667

o 4
p -195 0 -451
r 0 175 0
s 2.60333 2.60333 2.60333

o 4
p -221 0 273
r 0 149 0
s 0.07 0.07 0.07

o 4
p 57 0 -679
r 0 189 0
s 2.93667 2.93667 2.93667

o 4
p 197 0 -357
r 0 300 0
s 0.536667 0.536667 0.536667

o 4
p -440 0 533
r 0 289 0
s 1.33667 1.33667 1.33667

o 4
p 717 0 928
r 0 135 0
s 1.13667 1.13667 1.13667

o 4
p 995 0 657
r 0 142 0
s 1.87 1.87 1.87

o 4
p -260 0 -173
r 0 255 0
s 2.63667 2.63667 2.63667

o 4
p 977 0 260
r 0 76 0
s 1.83667 1.83667 1.83667

o 4
p -849 0 -596
r 0 275 0
s 2.63667 2.63667 2.63667

o 4
p -796 0 282
r 0 69 0
s 0.536667 0.536667 0.536667

o 4
p -606 0 -842
r 0 200 0
s 1.43667 1.43667 1.43667

o 4
p 820 0 439
r 0 55 0
s 2.43667 2.43667 2.43667

o 4
p 916 0 741
r 0 157 0
s 1.37 1.37 1.37

o 4
p -985 0 -856
r 0 258 0
s 1.53667 1.53667 1.53667

o 4
p -258 0 -810
r 0 11 0
s 2.27 2.27 2.27

o 4
p -982 0 433
r 0 124 0
s 2.83667 2.83667 2.83667

o 4
p -757 0 510
r 0 275 0
s 2.17 2.17 2.17

o 4
p -399 0 -263
r 0 192 0
s 0.236667 0.236667 0.236667

o 4
p -658 0 424
r 0 75 0
s 1.43667 1.43667 1.43667

o 4
p -552 0 -27
r 0 253 0
s 0.27 0.27 0.27

o 4
p -560 0 -544
r 0 296 0
s 1.40333 1.40333 1.40333

o 4
p -577 0 -746
r 0 33 0
s 1.67 1.67 1.67

o 4
p 181 0 -463
r 0 239 0
s 2.13667 2.13667 2.13667

o 4
p -728 0 -730
r 0 105 0
s 2.17 2.17 2.17

o 4
p 668 0 -687
r 0 345 0
s 0.603333 0.603333 0.603333

o 4
p 740 0 -136
r 0 335 0
s 2.17 2.17 2.17

o 4
p -712 0 -910
r 0 100 0
s 0.636667 0.636667 0.636667

o 4
p -170 0 332
r 0 119 0
s 3.00333 3.00333 3.00333

o 4
p -912 0 -287
r 0 88 0
s 1.13667 1.13667 1.13667

o 4
p -766 0 -647
r 0 181 0
s 0.703333 0.703333 0.703333

o 4
p 490 0 900
r 0 237 0
s 1.60333 1.60333 1.60333

o 4
p -468 0 -360
r 0 137 0
s 1.57 1.57 1.57

o 4
p 751 0 -874
r 0 224 0
s 0.803333 0.803333 0.803333

o 4
p 327 0 622
r 0 220 0
s 2.83667 2.83667 2.83667

o 4
p 133 0 183
r 0 279 0
s 0.0366667 0.0366667 0.0366667

o 4
p 834 0 -630
r 0 221 0
s 1.40333 1.40333 1.40333

o 4
p -726 0 24
r 0 185 0
s 2.63667 2.63667 2.63667

o 4
p 137 0 -285
r 0 90 0
s 2.80333 2.80333 2.80333

o 4
p 763 0 887
r 0 32 0
s 0.07 0.07 0.07

o 4
p 816 0 689
r 0 47 0
s 1.33667 1.33667 1.33667

o 4
p 65 0 143
r 0 38 0
s 1.20333 1.20333 1.20333

o 4
p 965 0 742
r 0 152 0
s 1.13667 1.13667 1.13667

o 4
p 381 0 559
r 0 305 0
s 2.03667 2.03667 2.03667

o 4
p -842 0 772
r 0 267 0
s 2.50333 2.50333 2.50333

o 4
p 423 0 811
r 0 195 0
s 3.03667 3.03667 3.03667

o 4
p 324 0 -329
r 0 347 0
s 0.436667 0.436667 0.436667

o 4
p -357 0 -61
r 0 179 0
s 2.93667 2.93667 2.93667

o 4
p -850 0 -288
r 0 234 0
s 2.67 2.67 2.67

o 4
p 230 0 -716
r 0 68 0
s 2.43667 2.43667 2.43667

o 4
p -274 0 575
r 0 349 0
s 3.20333 3.20333 3.20333

o 4
p -660 0 217
r 0 71 0
s 1.27 1.27 1.27

o 4
p 943 0 2
r 0 226 0
s 1.70333 1.70333 1.70333

o 4
p -380 0 -397
r 0 2 0
s 2.13667 2.13667 2.13667

o 4
p 707 0 -449
r 0 300 0
s 2.17 2.17 2.17

o 4
p -850 0 -377
r 0 81 0
s 3.10333 3.10333 3.10333

o 4
p 373 0 -426
r 0 155 0
s 0.136667 0.136667 0.136667

o 4
p -427 0 -480
r 0 112 0
s 0.37 0.37 0.37

o 4
p -808 0 44
r 0 91 0
s 3.13667 3.13667 3.13667

o 4
p -271 0 -765
r 0 95 0
s 0.07 0.07 0.07

o 4
p -689 0 -800
r 0 151 0
s 0.77 0.77 0.77

o 4
p -175 0 -899
r 0 6 0
s 0.803333 0.803333 0.803333

o 4
p -593 0 24
r 0 200 0
s 2.70333 2.70333 2.70333

o 4
p -624 0 -538
r 0 196 0
s 0.703333 0.703333 0.703333

o 4
p -646 0 313
r 0 249 0
s 1.17 1.17 1.17

o 4
p 40 0 66
r 0 188 0
s 2.90333 2.90333 2.90333

o 4
p 282 0 -317
r 0 206 0
s 0.27 0.27 0.27

o 4
p 928 0 210
r 0 155 0
s 1.47 1.47 1.47

o 4
p 636 0 -676
r 0 161 0
s 2.80333 2.80333 2.80333

o 4
p 20 0 731
r 0 178 0
s 1.37 1.37 1.37

o 4
p 1 0 386
r 0 123 0
s 2.90333 2.90333 2.90333

o 4
p 269 0 -122
r 0 313 0
s 2.07 2.07 2.07

o 4
p 371 0 -941
r 0 311 0
s 1.57 1.57 1.57

o 4
p 430 0 671
r 0 166 0
s 1.20333 1.20333 1.20333

o 4
p 721 0 176
r 0 315 0
s 2.70333 2.70333 2.70333

o 4
p -846 0 158
r 0 19 0
s 2.27 2.27 2.27

o 4
p 270 0 637
r 0 166 0
s 2.20333 2.20333 2.20333

o 4
p 453 0 898
r 0 239 0
s 1.30333 1.30333 1.30333

o 4
p -105 0 -365
r 0 158 0
s 1.47 1.47 1.47

o 4
p 376 0 -624
r 0 233 0
s 2.63667 2.63667 2.63667

o 4
p -869 0 -943
r 0 242 0
s 2.77 2.77 2.77

o 4
p -37 0 301
r 0 56 0
s 0.836667 0.836667 0.836667

o 4
p 525 0 961
r 0 136 0
s 2.13667 2.13667 2.13667

o 4
p 129 0 677
r 0 105 0
s 3.17 3.17 3.17

o 4
p -381 0 -360
r 0 125 0
s 1.60333 1.60333 1.60333

o 4
p 833 0 -964
r 0 88 0
s 1.43667 1.43667 1.43667

o 4
p -764 0 483
r 0 8 0
s 0.603333 0.603333 0.603333

o 4
p 662 0 292
r 0 63 0
s 2.50333 2.50333 2.50333

o 4
p 579 0 406
r 0 134 0
s 2.40333 2.40333 2.40333

o 4
p -140 0 248
r 0 240 0
s 2.90333 2.90333 2.90333

o 4
p 659 0 889
r 0 268 0
s 2.83667 2.83667 2.83667

o 4
p -385 0 501
r 0 332 0
s 3.00333 3.00333 3.00333

o 4
p -388 0 986
r 0 51 0
s 0.703333 0.703333 0.703333

o 4
p 537 0 518
r 0 173 0
s 0.136667 0.136667 0.136667

o 4
p 542 0 -913
r 0 178 0
s 0.303333 0.303333 0.303333

o 4
p -95 0 789
r 0 119 0
s 3.23667 3.23667 3.23667

o 4
p 797 0 184
r 0 192 0
s 1.43667 1.43667 1.43667

o 4
p 486 0 847
r 0 256 0
s 2.37 2.37 2.37

o 4
p -982 0 255
r 0 145 0
s 2.50333 2.50333 2.50333

o 4
p 110 0 -908
r 0 16 0
s 0.703333 0.703333 0.703333

o 4
p 575 0 771
r 0 160 0
s 0.236667 0.236667 0.236667

o 4
p 66 0 -639
r 0 98 0
s 1.27 1.27 1.27

o 4
p -495 0 -744
r 0 8 0
s 1.87 1.87 1.87

o 4
p 712 0 935
r 0 51 0
s 0.903333 0.903333 0.903333

o 4
p -990 0 -928
r 0 43 0
s 1.97 1.97 1.97

o 4
p 974 0 773
r 0 357 0
s 0.07 0.07 0.07

o 4
p -560 0 718
r 0 159 0
s 2.43667 2.43667 2.43667

o 4
p 39 0 -613
r 0 155 0
s 0.236667 0.236667 0.236667

o 4
p 662 0 471
r 0 49 0
s 0.703333 0.703333 0.703333

o 4
p -91 0 98
r 0 343 0
s 2.83667 2.83667 2.83667

o 4
p 41 0 -397
r 0 213 0
s 1.83667 1.83667 1.83667

o 4
p 172 0 294
r 0 101 0
s 0.57 0.57 0.57

o 4
p 443 0 300
r 0 358 0
s 0.97 0.97 0.97

o 4
p 401 0 115
r 0 201 0
s 3.27 3.27 3.27

o 4
p 181 0 917
r 0 290 0
s 0.136667 0.136667 0.136667

o 4
p 645 0 340
r 0 48 0
s 2.47 2.47 2.47

o 4
p -388 0 126
r 0 245 0
s 1.87 1.87 1.87

o 4
p -114 0 -556
r 0 16 0
s 3.23667 3.23667 3.23667

o 4
p 57 0 -823
r 0 142 0
s 0.536667 0.536667 0.536667

o 4
p 691 0 -576
r 0 122 0
s 1.13667 1.13667 1.13667

o 4
p 825 0 -626
r 0 266 0
s 0.203333 0.203333 0.203333

o 4
p 371 0 466
r 0 2 0
s 1.57 1.57 1.57

o 4
p 349 0 -345
r 0 296 0
s 0.27 0.27 0.27

o 4
p -167 0 -127
r 0 198 0
s 0.97 0.97 0.97

o 4
p 612 0 4
r 0 178 0
s 2.00333 2.00333 2.00333

o 4
p -257 0 52
r 0 301 0
s 3.00333 3.00333 3.00333

o 4
p -536 0 -889
r 0 203 0
s 1.77 1.77 1.77

o 4
p 375 0 264
r 0 35 0
s 0.803333 0.803333 0.803333

o 4
p -705 0 140
r 0 310 0
s 2.60333 2.60333 2.60333

o 4
p 242 0 356
r 0 155 0
s 2.63667 2.63667 2.63667

o 4
p -960 0 -598
r 0 46 0
s 1.77 1.77 1.77

o 4
p -746 0 839
r 0 263 0
s 1.23667 1.23667 1.23667

o 4
p -220 0 -793
r 0 16 0
s 2.73667 2.73667 2.73667

o 4
p -84 0 978
r 0 353 0
s 0.903333 0.903333 0.903333

o 4
p 593 0 -627
r 0 107 0
s 0.636667 0.636667 0.636667

o 4
p 822 0 -317
r 0 181 0
s 2.60333 2.60333 2.60333

o 4
p 932 0 -832
r 0 148 0
s 3.23667 3.23667 3.23667

o 4
p 810 0 -470
r 0 169 0
s 1.60333 1.60333 1.60333

o 4
p -965 0 -486
r 0 27 0
s 2.47 2.47 2.47

o 4
p 181 0 316
r 0 115 0
s 1.77 1.77 1.77

o 4
p -252 0 461
r 0 339 0
s 2.70333 2.70333 2.70333

o 4
p 623 0 -44
r 0 253 0
s 3.23667 3.23667 3.23667

o 4
p 865 0 144
r 0 159 0
s 1.93667 1.93667 1.93667

o 4
p -303 0 -100
r 0 272 0
s 1.83667 1.83667 1.83667

o 4
p 165 0 -920
r 0 347 0
s 1.07 1.07 1.07

o 4
p -112 0 -355
r 0 13 0
s 1.73667 1.73667 1.73667

o 4
p -481 0 -219
r 0 121 0
s 1.80333 1.80333 1.80333

o 4
p -592 0 687
r 0 148 0
s 2.00333 2.00333 2.00333

o 4
p -30 0 -19
r 0 259 0
s 0.636667 0.636667 0.636667

o 4
p -253 0 -572
r 0 60 0
s 2.77 2.77 2.77

o 4
p -757 0 -470
r 0 68 0
s 2.43667 2.43667 2.43667

o 4
p 718 0 -542
r 0 25 0
s 2.50333 2.50333 2.50333

o 4
p 575 0 518
r 0 350 0
s 0.47 0.47 0.47

o 5
p 658 0 -613
r 0 304 0
s 0.836667 0.836667 0.836667

o 5
p -861 0 -10
r 0 316 0
s 3.17 3.17 3.17

o 5
p -276 0 -97
r 0 150 0
s 2.90333 2.90333 2.90333

o 5
p 203 0 834
r 0 242 0
s 1.37 1.37 1.37

o 5
p 308 0 379
r 0 344 0
s 3.13667 3.13667 3.13667

o 5
p 487 0 610
r 0 84 0
s 1.27 1.27 1.27

o 5
p 75 0 177
r 0 222 0
s 2.90333 2.90333 2.90333

o 5
p -783 0 887
r 0 131 0
s 3.23667 3.23667 3.23667

o 5
p 677 0 878
r 0 147 0
s 2.07 2.07 2.07

o 5
p 464 0 -170
r 0 157 0
s 1.53667 1.53667 1.53667

o 5
p -525 0 -350
r 0 168 0
s 0.57 0.57 0.57

o 5
p 889 0 -942
r 0 56 0
s 1.37 1.37 1.37

o 5
p -220 0 -471
r 0 331 0
s 1.33667 1.33667 1.33667

o 5
p 375 0 548
r 0 193 0
s 1.80333 1.80333 1.80333

o 5
p 456 0 -779
r 0 209 0
s 2.87 2.87 2.87

o 5
p 559 0 -593
r 0 25 0
s 2.00333 2.00333 2.00333

o 5
p -674 0 -410
r 0 259 0
s 0.536667 0.536667 0.536667

o 5
p -150 0 -796
r 0 238 0
s 3.03667 3.03667 3.03667

o 5
p -261 0 328
r 0 46 0
s 1.70333 1.70333 1.70333

o 5
p 409 0 -337
r 0 219 0
s 1.23667 1.23667 1.23667

o 5
p 713 0 -481
r 0 91 0
s 1.67 1.67 1.67

o 5
p -988 0 -238
r 0 326 0
s 1.47 1.47 1.47

o 5
p 739 0 482
r 0 228 0
s 0.00333333 0.00333333 0.00333333

o 5
p -847 0 -895
r 0 48 0
s 0.77 0.77 0.77

o 5
p 770 0 988
r 0 122 0
s 0.0366667 0.0366667 0.0366667

o 5
p -673 0 789
r 0 133 0
s 0.536667 0.536667 0.536667

o 5
p 255 0 -964
r 0 63 0
s 0.903333 0.903333 0.903333

o 5
p 67 0 -207
r 0 2 0
s 2.93667 2.93667 2.93667

o 5
p -406 0 575
r 0 253 0
s 0.603333 0.603333 0.603333

o 5
p -488 0 65
r 0 43 0
s 1.43667 1.43667 1.43667

o 5
p -101 0 -371
r 0 263 0
s 0.97 0.97 0.97

o 5
p -967 0 -139
r 0 354 0
s 2.37 2.37 2.37

o 5
p 799 0 847
r 0 327 0
s 3.30333 3.30333 3.30333

o 5
p -158 0 -561
r 0 196 0
s 3.13667 3.13667 3.13667

o 5
p -911 0 -325
r 0 160 0
s 2.60333 2.60333 2.60333

o 5
p -828 0 -635
r 0 327 0
s 3.23667 3.23667 3.23667

o 5
p 551 0 291
r 0 354 0
s 1.13667 1.13667 1.13667

o 5
p 639 0 -742
r 0 69 0
s 2.63667 2.63667 2.63667

o 5
p 770 0 -992
r 0 201 0
s 3.27 3.27 3.27

o 5
p 76 0 -261
r 0 244 0
s 0.47 0.47 0.47

o 5
p 322 0 -479
r 0 133 0
s 2.20333 2.20333 2.20333

o 5
p 235 0 61
r 0 353 0
s 0.836667 0.836667 0.836667

o 5
p -395 0 826
r 0 327 0
s 0.203333 0.203333 0.203333

o 5
p -278 0 -676
r 0 89 0
s 3.30333 3.30333 3.30333

o 5
p 800 0 903
r 0 229 0
s 2.03667 2.03667 2.03667

o 5
p 250 0 972
r 0 171 0
s 2.17 2.17 2.17

o 5
p -946 0 295
r 0 250 0
s 3.23667 3.23667 3.23667

o 5
p 164 0 -571
r 0 230 0
s 2.23667 2.23667 2.23667

o 5
p 656 0 695
r 0 241 0
s 1.53667 1.53667 1.53667

o 5
p -557 0 192
r 0 285 0
s 1.63667 1.63667 1.63667

o 5
p -942 0 -65
r 0 56 0
s 0.403333 0.403333 0.403333

o 5
p 186 0 -935
r 0 340 0
s 2.03667 2.03667 2.03667

o 5
p -693 0 -487
r 0 200 0
s 0.703333 0.703333 0.703333

o 5
p 285 0 -25
r 0 241 0
s 0.136667 0.136667 0.136667

o 5
p -22 0 -685
r 0 113 0
s 1.47 1.47 1.47

o 5
p 432 0 345
r 0 37 0
s 0.136667 0.136667 0.136667

o 5
p 144 0 156
r 0 358 0
s 1.73667 1.73667 1.73667

o 5
p 906 0 970
r 0 318 0
s 2.47 2.47 2.47

o 5
p 374 0 469
r 0 34 0
s 1.93667 1.93667 1.93667

o 5
p 843 0 -812
r 0 165 0
s 2.97 2.97 2.97

o 5
p 593 0 29
r 0 247 0
s 0.67 0.67 0.67

o 5
p -669 0 208
r 0 247 0
s 2.67 2.67 2.67

o 5
p -204 0 -951
r 0 37 0
s 0.236667 0.236667 0.236667

o 5
p -80 0 658
r 0 290 0
s 3.23667 3.23667 3.23667

o 5
p 861 0 -803
r 0 26 0
s 3.10333 3.10333 3.10333

o 5
p -877 0 -861
r 0 95 0
s 0.736667 0.736667 0.736667

o 5
p 16 0 -933
r 0 104 0
s 0.67 0.67 0.67

o 5
p 987 0 668
r 0 65 0
s 2.00333 2.00333 2.00333

o 5
p 655 0 -115
r 0 81 0
s 0.97 0.97 0.97

o 5
p -505 0 754
r 0 136 0
s 1.60333 1.60333 1.60333

o 5
p -434 0 -287
r 0 285 0
s 0.803333 0.803333 0.803333

o 5
p -516 0 -274
r 0 17 0
s 1.87 1.87 1.87

o 5
p 503 0 -724
r 0 63 0
s 1.57 1.57 1.57

o 5
p 85 0 -393
r 0 78 0
s 1.70333 1.70333 1.70333

o 5
p 566 0 -204
r 0 139 0
s 2.70333 2.70333 2.70333

o 5
p -937 0 -833
r 0 253 0
s 2.73667 2.73667 2.73667

o 5
p 199 0 -605
r 0 84 0
s 1.30333 1.30333 1.30333

o 5
p -230 0 57
r 0 38 0
s 0.736667 0.736667 0.736667

o 5
p -848 0 -39
r 0 243 0
s 3.20333 3.20333 3.20333

o 5
p 29 0 -593
r 0 37 0
s 3.10333 3.10333 3.10333

o 5
p -559 0 383
r 0 69 0
s 0.836667 0.836667 0.836667

o 5
p -742 0 -364
r 0 107 0
s 1.63667 1.63667 1.63667

o 5
p -289 0 742
r 0 68 0
s 2.43667 2.43667 2.43667

o 5
p 389 0 -526
r 0 317 0
s 1.73667 1.73667 1.73667

o 5
p -481 0 671
r 0 127 0
s 1.00333 1.00333 1.00333

o 5
p 802 0 854
r 0 107 0
s 0.536667 0.536667 0.536667

o 5
p 418 0 -990
r 0 354 0
s 1.93667 1.93667 1.93667

o 5
p -784 0 988
r 0 89 0
s 0.87 0.87 0.87

o 5
p -126 0 -272
r 0 133 0
s 2.83667 2.83667 2.83667

o 5
p 209 0 974
r 0 117 0
s 2.73667 2.73667 2.73667

o 5
p -216 0 300
r 0 301 0
s 0.87 0.87 0.87

o 5
p 860 0 -435
r 0 16 0
s 1.57 1.57 1.57

o 5
p 542 0 870
r 0 96 0
s 2.77 2.77 2.77

o 5
p -632 0 128
r 0 287 0
s 1.03667 1.03667 1.03667

o 5
p -877 0 -288
r 0 78 0
s 1.90333 1.90333 1.90333

o 5
p -568 0 -705
r 0 231 0
s 3.27 3.27 3.27

o 5
p -458 0 157
r 0 70 0
s 0.07 0.07 0.07

o 5
p 173 0 860
r 0 55 0
s 1.97 1.97 1.97

o 5
p -751 0 -666
r 0 215 0
s 0.203333 0.203333 0.203333

o 5
p 88 0 -162
r 0 232 0
s 2.17 2.17 2.17



o 6
p -4.57357 0 -17.355
s 2 2 2
r 3.99997 25.3499 0

o 7
p -1.85312 0 -18.8435
s 2 2 2
r 5.64997 -18.2001 0

o 8
p 1.4328 0 -17.4025
s 2 2 2
r 5.84997 -29.0501 0

o 9
p 3.72642 0 -15.7527
s 2 2 2
r 5.74997 -29.8001 0

o 10
p -8.21087 0 -14.384
s 2 2 2
r -2.35003 50.2999 0

o 11
p -9.84997 0 -11.079
s 2 2 2
r 1.39997 49.3499 0

o 12
p 5.62569 0 -11.0432
s 2 2 2
r 2.24997 -83.2501 0

o 13
p 3.00568 0 -5.74872
s 2 2 2
r 4.14997 -142.1 0

o 14
p -8.9962 0 -6.95719
s 2 2 2
r 3.69996 109.5 0

o 15
p -6.32177 0 -3.48878
s 2 2 2
r 2.44997 -189.9 0

o 16
p 0.191319 0 -2.13645
s 2 2 2
r 9.79996 -165.9 0

o 17
p -3.09685 0 -1.54068
s 2 2 2
r 2.89997 -186.5 0

o 18
p 30.4356 0 9.15793
s 1.6 1.6 1.6
r 5.39997 -14.6001 0

o 19
p 28.2808 0 13.8653
s 2 2 2
r 4.09997 145.95 0

o 20
p 14.626 2.7 32.2924
s 5.15 5.15 5.15
r -12.3 189.9 0

o 23
p 32.4531 0 102.126
s 2 2 2
r 0.649997 -133.2 0

o 21
s 200 200 200 
a niebo
v

o 22
p 14.8559 0 33.6652
s 2 2 2

o 1
p 40.2464 0 32.5711
s 1 1 1
r 0.449997 -95.8 0

o 1
p -27.6953 0 21.0852
s 1 1 1
r 1.55 157 0

o 3
p -40.06 0 -9.25003
s 3 3 3

o 22
p 22.1651 0 -13.9516
s 0.65 0.65 0.65

o 22
p -39.7398 -1 41.3972
s 2 2 2

o 22
p -9.26935 0 40.1707
s 1 1 1

o 20
p 11.9105 0 -3.69771
s 4 4 4
r 0 30 0
a gens

o 20
p -10 0 -10
s 2 2 2
d -1
a kolko

o 20
d -1
p 0 5 0
s 1 1 1
a wgoreiwdol
