o 0
p 11.21 0 18.5099
s 0.05 0.05 0.05
r -0.84999 152.9 0

o 1
p -24.451 -0.15 -0.504296
s 1 1 1
r 0.0999988 13.4999 0

o 2
p -3.0258 1.25 -10.6039
s 2.54007 2.54007 2.54007
r 0 60 0
a portal

o 3
p 8.94503 15 16.576
s 2.95 2.95 2.95
r 0 134.65 0
a superman

o 4
p -21.2759 0 -48.2975
s 1.53667 1.53667 1.53667
r 29.4 -0.950069 0

o 4
p -26 0 75
s 1.63667 1.63667 1.63667
r -82.3 -4.10007 0

o 4
p 14 0 -50
s 2.83667 2.83667 2.83667
r 5.39997 -14.6001 0

o 4
p -76 0 34
s 0.303333 0.303333 0.303333
r 5.39997 -14.6001 0

o 4
p 97 0 -95
s 2.17 2.17 2.17
r 5.39997 -14.6001 0

o 4
p 7 0 54
s 2.43667 2.43667 2.43667
r 5.39997 -14.6001 0

o 4
p 96 0 -78
s 0.403333 0.403333 0.403333
r 5.39997 -14.6001 0

o 4
p -98 0 15
s 1.40333 1.40333 1.40333
r 5.39997 -14.6001 0

o 4
p -98 0 -75
s 1.07 1.07 1.07
r 5.39997 -14.6001 0

o 4
p -59 0 -1
s 1.17 1.17 1.17
r 5.39997 -14.6001 0

o 4
p -18 0 62
s 0.236667 0.236667 0.236667
r 5.39997 -14.6001 0

o 4
p 30 0 -13
s 2.27 2.27 2.27
r 5.39997 -14.6001 0

o 4
p -65 0 -38
s 3.07 3.07 3.07
r 5.39997 -14.6001 0

o 4
p 0 0 94
s 0.603333 0.603333 0.603333
r 5.39997 -14.6001 0

o 4
p -79 0 66
s 1.97 1.97 1.97
r 5.39997 -14.6001 0

o 4
p 81 0 -90
s 0.453333 0.453333 0.453333
r 5.39997 -14.6001 0

o 4
p 70 0 -48
s 2.57 2.57 2.57
r 5.39997 -14.6001 0

o 4
p 56 0 -66
s 0.37 0.37 0.37
r 5.39997 -14.6001 0

o 4
p 35 0 -59
s 3.17 3.17 3.17
r 5.39997 -14.6001 0

o 4
p 88 0 30
s 2.87 2.87 2.87
r 5.39997 -14.6001 0

o 4
p 70.9261 0 -40.9241
s 0.47 0.47 0.47
r 5.39997 -14.6001 0

o 4
p -10 0 -21
s 1.57 1.57 1.57
r 5.39997 -14.6001 0

o 4
p -4 0 -23
s 1.30333 1.30333 1.30333
r 5.39997 -14.6001 0

o 4
p -30 0 -31
s 2.33667 2.33667 2.33667
r 5.39997 -14.6001 0

o 4
p 98 0 -35
s 2.43667 2.43667 2.43667
r 5.39997 -14.6001 0

o 4
p -39 0 50
s 0.403333 0.403333 0.403333
r 5.39997 -14.6001 0

o 4
p -6.95199 0 84.0374
s 0.836667 0.836667 0.836667
r 5.39997 -14.6001 0

o 4
p 85 0 38
s 2.53667 2.53667 2.53667
r 5.39997 -14.6001 0

o 4
p -57 0 -30
s 2.50333 2.50333 2.50333
r 5.39997 -14.6001 0

o 4
p -8 0 74
s 2.37 2.37 2.37
r 5.39997 -14.6001 0

o 4
p -22 0 90
s 1.80333 1.80333 1.80333
r 5.39997 -14.6001 0

o 4
p -22 0 -89
s 1.47 1.47 1.47
r 5.39997 -14.6001 0

o 4
p 51 0 85
s 1.70333 1.70333 1.70333
r 5.39997 -14.6001 0

o 4
p 40.2081 0 46.6646
s 3.13667 3.13667 3.13667
r 5.39997 -14.6001 0

o 4
p -12 0 87
s 0.486667 0.486667 0.486667
r 6.84997 -41.9001 0

o 4
p -1.37106 0 46.9321
s 1.02 1.02 1.02
r 5.39997 -14.6001 0

o 4
p -50 0 -31
s 0.47 0.47 0.47
r 5.39997 -14.6001 0

o 4
p -97 0 -100
s 2.92 2.92 2.92
r 3.94997 -5.7501 0

o 4
p -31 0 -12
s 1.58667 1.58667 1.58667
r 0.69997 -7.0001 0

o 4
p 59 0 -23
s 0.553333 0.553333 0.553333
r 5.39997 -14.6001 0

o 5
p -2 0 -103
s 1.83667 1.83667 1.83667
r -3.45003 -6.5001 0

o 5
p -95 0 -108
s 0.936667 0.936667 0.936667
r -5.85003 15.7499 0

o 5
p 81 0 3
s 2.50333 2.50333 2.50333
r 5.39997 -14.6001 0

o 5
p -65 0 2
s 2.23667 2.23667 2.23667
r 5.39997 -14.6001 0

o 5
p 41 0 -94
s 1.43667 1.43667 1.43667
r 5.39997 -14.6001 0

o 5
p 94 0 25
s 1.13667 1.13667 1.13667
r 5.39997 -14.6001 0

o 5
p 69 0 -57
s 1.23667 1.23667 1.23667
r -0.30003 23.4999 0

o 5
p -17 0 119
s 1.97 1.97 1.97
r 1.24997 -10.8001 0

o 5
p -24 0 -101
s 2.22 2.22 2.22
r -1.65003 -5.7501 0

o 5
p -104 0 80
s 0.736667 0.736667 0.736667
r 0.949971 3.0499 0

o 5
p 102 0 36
s 0.136667 0.136667 0.136667
r 5.39997 -14.6001 0

o 5
p -42 0 57
s 3.03667 3.03667 3.03667
r 5.39997 -14.6001 0

o 5
p 74 0 -113
s 2.67 2.67 2.67
r 5.39997 -14.6001 0

o 5
p 31 0 -55
s 2.20333 2.20333 2.20333
r 5.39997 -14.6001 0

o 5
p -14 0 41
s 1.10333 1.10333 1.10333
r 5.39997 -14.6001 0

o 6
p -4.57357 0 -17.355
s 2 2 2
r 3.99997 25.3499 0

o 7
p -1.85312 0 -18.8435
s 2 2 2
r 5.64997 -18.2001 0

o 8
p 1.4328 0 -17.4025
s 2 2 2
r 5.84997 -29.0501 0

o 9
p 3.72642 0 -15.7527
s 2 2 2
r 5.74997 -29.8001 0

o 10
p -8.21087 0 -14.384
s 2 2 2
r -2.35003 50.2999 0

o 11
p -9.84997 0 -11.079
s 2 2 2
r 1.39997 49.3499 0

o 12
p 5.62569 0 -11.0432
s 2 2 2
r 2.24997 -83.2501 0

o 13
p 3.00568 0 -5.74872
s 2 2 2
r 4.14997 -142.1 0

o 14
p -8.9962 0 -6.95719
s 2 2 2
r 3.69996 109.5 0

o 15
p -6.32177 0 -3.48878
s 2 2 2
r 2.44997 -189.9 0

o 16
p 0.191319 0 -2.13645
s 2 2 2
r 9.79996 -165.9 0

o 17
p -3.09685 0 -1.54068
s 2 2 2
r 2.89997 -186.5 0

o 18
p 30.4356 0 9.15793
s 1.6 1.6 1.6
r 5.39997 -14.6001 0

o 19
p 28.2808 0 13.8653
s 2 2 2
r 4.09997 145.95 0

o 20
p 14.626 2.7 32.2924
s 5.15 5.15 5.15
r -12.3 189.9 0

o 23
p 32.4531 0 102.126
s 2 2 2
r 0.649997 -133.2 0

o 21
s 200 200 200 
a niebo
v

o 22
p 14.8559 0 33.6652
s 2 2 2

o 1
p 40.2464 0 32.5711
s 1 1 1
r 0.449997 -95.8 0

o 1
p -27.6953 0 21.0852
s 1 1 1
r 1.55 157 0

o 3
p -40.06 0 -9.25003
s 3 3 3

o 22
p 22.1651 0 -13.9516
s 0.65 0.65 0.65

o 22
p -39.7398 -1 41.3972
s 2 2 2

o 22
p -9.26935 0 40.1707
s 1 1 1

o 20
p 11.9105 0 -3.69771
s 4 4 4
r 0 30 0
a gens

o 20
p -10 0 -10
s 2 2 2
d -1
a kolko

o 20
d -1
p 0 5 0
s 1 1 1
a wgoreiwdol
