o 0
p 29 0 -270
r 0 293 0
s 5 5 5

o 0
p 40 0 -262
r 0 108 0
s 5 5 5

o 0
p -210 0 -164
r 0 25 0
s 5 5 5

o 0
p -283 0 -420
r 0 208 0
s 5 5 5

o 0
p 256 0 -41
r 0 327 0
s 5 5 5

o 0
p -354 0 -102
r 0 157 0
s 5 5 5

o 0
p 165 0 -335
r 0 268 0
s 5 5 5

o 0
p -275 0 10
r 0 8 0
s 5 5 5

o 0
p 243 0 55
r 0 191 0
s 5 5 5

o 0
p 489 0 -352
r 0 110 0
s 5 5 5

o 0
p -175 0 -342
r 0 100 0
s 5 5 5

o 0
p 130 0 420
r 0 54 0
s 5 5 5

o 0
p 188 0 172
r 0 73 0
s 5 5 5

o 0
p -421 0 -112
r 0 187 0
s 5 5 5

o 0
p 491 0 -391
r 0 122 0
s 5 5 5

o 0
p 434 0 81
r 0 169 0
s 5 5 5

o 0
p 378 0 -482
r 0 128 0
s 5 5 5

o 0
p -84 0 277
r 0 191 0
s 5 5 5

o 0
p 393 0 278
r 0 240 0
s 5 5 5

o 0
p -373 0 246
r 0 282 0
s 5 5 5

o 0
p 317 0 -299
r 0 158 0
s 5 5 5

o 0
p -181 0 -33
r 0 7 0
s 5 5 5

o 0
p 379 0 -96
r 0 305 0
s 5 5 5

o 0
p -136 0 381
r 0 111 0
s 5 5 5

o 0
p 497 0 -422
r 0 116 0
s 5 5 5

o 0
p 397 0 -173
r 0 159 0
s 5 5 5

o 0
p 190 0 402
r 0 228 0
s 5 5 5

o 0
p 56 0 -363
r 0 178 0
s 5 5 5

o 0
p -474 0 -210
r 0 109 0
s 5 5 5

o 0
p 69 0 -107
r 0 267 0
s 5 5 5

o 0
p -265 0 479
r 0 116 0
s 5 5 5

o 0
p 424 0 -75
r 0 351 0
s 5 5 5

o 0
p 266 0 274
r 0 231 0
s 5 5 5

o 0
p -164 0 -349
r 0 233 0
s 5 5 5

o 0
p 171 0 40
r 0 202 0
s 5 5 5

o 0
p -305 0 -87
r 0 302 0
s 5 5 5

o 0
p -215 0 49
r 0 347 0
s 5 5 5

o 0
p 139 0 -270
r 0 301 0
s 5 5 5

o 0
p -379 0 -43
r 0 342 0
s 5 5 5

o 0
p -261 0 -191
r 0 189 0
s 5 5 5

o 0
p 204 0 -485
r 0 254 0
s 5 5 5

o 0
p -178 0 -235
r 0 69 0
s 5 5 5

o 0
p 352 0 42
r 0 314 0
s 5 5 5

o 0
p -166 0 -241
r 0 10 0
s 5 5 5

o 0
p -215 0 -365
r 0 159 0
s 5 5 5

o 0
p 155 0 156
r 0 134 0
s 5 5 5

o 0
p 454 0 -308
r 0 0 0
s 5 5 5

o 0
p 427 0 240
r 0 207 0
s 5 5 5

o 0
p 235 0 -78
r 0 298 0
s 5 5 5

o 0
p 28 0 -286
r 0 85 0
s 5 5 5

o 0
p 17 0 20
r 0 310 0
s 5 5 5

o 0
p 150 0 -139
r 0 286 0
s 5 5 5

o 0
p -486 0 -467
r 0 262 0
s 5 5 5

o 0
p -367 0 171
r 0 19 0
s 5 5 5

o 0
p 65 0 354
r 0 256 0
s 5 5 5

o 0
p -87 0 -124
r 0 207 0
s 5 5 5

o 0
p -339 0 157
r 0 355 0
s 5 5 5

o 0
p -279 0 205
r 0 43 0
s 5 5 5

o 0
p 14 0 213
r 0 190 0
s 5 5 5

o 0
p 180 0 49
r 0 103 0
s 5 5 5

o 0
p -154 0 -226
r 0 6 0
s 5 5 5

o 0
p 481 0 364
r 0 245 0
s 5 5 5

o 0
p -305 0 395
r 0 334 0
s 5 5 5

o 0
p -369 0 -494
r 0 236 0
s 5 5 5

o 0
p -4 0 114
r 0 97 0
s 5 5 5

o 0
p 54 0 -77
r 0 311 0
s 5 5 5

o 0
p 459 0 4
r 0 51 0
s 5 5 5

o 0
p -342 0 -342
r 0 174 0
s 5 5 5

o 0
p -152 0 -402
r 0 229 0
s 5 5 5

o 0
p -336 0 120
r 0 218 0
s 5 5 5

o 0
p 102 0 -413
r 0 255 0
s 5 5 5

o 0
p -43 0 356
r 0 231 0
s 5 5 5

o 0
p 49 0 -28
r 0 138 0
s 5 5 5

o 0
p -161 0 -96
r 0 331 0
s 5 5 5

o 0
p 383 0 -497
r 0 326 0
s 5 5 5

o 0
p 17 0 396
r 0 30 0
s 5 5 5

o 0
p 489 0 98
r 0 354 0
s 5 5 5

o 0
p -374 0 5
r 0 308 0
s 5 5 5

o 0
p 289 0 -313
r 0 301 0
s 5 5 5

o 0
p 374 0 -39
r 0 176 0
s 5 5 5

o 0
p 333 0 -413
r 0 345 0
s 5 5 5

o 0
p 261 0 467
r 0 138 0
s 5 5 5

o 0
p 167 0 492
r 0 57 0
s 5 5 5

o 0
p 78 0 -474
r 0 216 0
s 5 5 5

o 0
p 216 0 117
r 0 40 0
s 5 5 5

o 0
p -13 0 -71
r 0 159 0
s 5 5 5

o 0
p -364 0 163
r 0 19 0
s 5 5 5

o 0
p 362 0 -110
r 0 104 0
s 5 5 5

o 0
p 112 0 -109
r 0 243 0
s 5 5 5

o 0
p 308 0 79
r 0 202 0
s 5 5 5

o 0
p 379 0 203
r 0 291 0
s 5 5 5

o 0
p -325 0 -395
r 0 296 0
s 5 5 5

o 0
p -460 0 -461
r 0 176 0
s 5 5 5

o 0
p 89 0 268
r 0 45 0
s 5 5 5

o 0
p -13 0 -485
r 0 131 0
s 5 5 5

o 0
p -244 0 -419
r 0 118 0
s 5 5 5

o 0
p 4 0 -382
r 0 122 0
s 5 5 5

o 0
p -91 0 -54
r 0 328 0
s 5 5 5

o 0
p 325 0 216
r 0 134 0
s 5 5 5

o 0
p 214 0 -288
r 0 303 0
s 5 5 5

o 0
p -190 0 150
r 0 166 0
s 5 5 5

o 0
p 110 0 -91
r 0 212 0
s 5 5 5

o 0
p -102 0 -339
r 0 1 0
s 5 5 5

o 0
p -173 0 187
r 0 269 0
s 5 5 5

o 0
p 449 0 -476
r 0 285 0
s 5 5 5

o 0
p -373 0 -464
r 0 122 0
s 5 5 5

o 0
p 463 0 -405
r 0 18 0
s 5 5 5

o 0
p 343 0 148
r 0 129 0
s 5 5 5

o 0
p -236 0 123
r 0 193 0
s 5 5 5

o 0
p -192 0 25
r 0 317 0
s 5 5 5

o 0
p 59 0 -182
r 0 199 0
s 5 5 5

o 0
p 299 0 444
r 0 187 0
s 5 5 5

o 0
p 345 0 -392
r 0 276 0
s 5 5 5

o 0
p 384 0 -32
r 0 357 0
s 5 5 5

o 0
p -236 0 121
r 0 218 0
s 5 5 5

o 0
p -61 0 160
r 0 55 0
s 5 5 5

o 0
p -283 0 -468
r 0 254 0
s 5 5 5

o 0
p 434 0 162
r 0 117 0
s 5 5 5

o 0
p -330 0 -285
r 0 210 0
s 5 5 5

o 0
p 387 0 -136
r 0 289 0
s 5 5 5

o 0
p -438 0 -477
r 0 165 0
s 5 5 5

o 0
p -49 0 115
r 0 54 0
s 5 5 5

o 0
p -148 0 10
r 0 52 0
s 5 5 5

o 0
p -418 0 -473
r 0 116 0
s 5 5 5

o 0
p 80 0 -203
r 0 195 0
s 5 5 5

o 0
p -13 0 -340
r 0 285 0
s 5 5 5

o 0
p 274 0 192
r 0 202 0
s 5 5 5

o 0
p 471 0 -131
r 0 232 0
s 5 5 5

o 0
p -455 0 -86
r 0 76 0
s 5 5 5

o 0
p 26 0 -343
r 0 283 0
s 5 5 5

o 0
p -133 0 267
r 0 259 0
s 5 5 5

o 0
p -117 0 483
r 0 226 0
s 5 5 5

o 0
p -335 0 393
r 0 54 0
s 5 5 5

o 0
p 156 0 -136
r 0 99 0
s 5 5 5

o 0
p 335 0 -160
r 0 84 0
s 5 5 5

o 0
p 93 0 -122
r 0 40 0
s 5 5 5

o 0
p -380 0 -438
r 0 301 0
s 5 5 5

o 0
p -85 0 -250
r 0 145 0
s 5 5 5

o 0
p 184 0 275
r 0 334 0
s 5 5 5

o 0
p -77 0 -281
r 0 76 0
s 5 5 5

o 0
p -72 0 181
r 0 13 0
s 5 5 5

o 0
p 308 0 42
r 0 337 0
s 5 5 5

o 0
p 262 0 334
r 0 97 0
s 5 5 5

o 0
p -406 0 -375
r 0 248 0
s 5 5 5

o 0
p -51 0 -15
r 0 338 0
s 5 5 5

o 0
p -123 0 -41
r 0 45 0
s 5 5 5

o 0
p -224 0 -264
r 0 64 0
s 5 5 5

o 0
p 14 0 34
r 0 299 0
s 5 5 5

o 0
p -221 0 377
r 0 326 0
s 5 5 5

o 0
p 14 0 21
r 0 179 0
s 5 5 5

o 0
p -59 0 185
r 0 157 0
s 5 5 5

o 0
p 68 0 206
r 0 91 0
s 5 5 5

o 0
p -268 0 396
r 0 49 0
s 5 5 5

o 0
p -382 0 -480
r 0 134 0
s 5 5 5

o 0
p 122 0 378
r 0 48 0
s 5 5 5

o 0
p 83 0 1
r 0 140 0
s 5 5 5

o 0
p 171 0 317
r 0 71 0
s 5 5 5

o 0
p -473 0 -172
r 0 332 0
s 5 5 5

o 0
p 189 0 337
r 0 323 0
s 5 5 5

o 0
p -184 0 292
r 0 40 0
s 5 5 5

o 0
p 492 0 266
r 0 5 0
s 5 5 5

o 0
p 436 0 -160
r 0 239 0
s 5 5 5

o 0
p -5 0 229
r 0 256 0
s 5 5 5

o 0
p 400 0 -429
r 0 294 0
s 5 5 5

o 0
p -364 0 -233
r 0 236 0
s 5 5 5

o 0
p 275 0 217
r 0 247 0
s 5 5 5

o 0
p -58 0 -417
r 0 102 0
s 5 5 5

o 0
p 331 0 437
r 0 295 0
s 5 5 5

o 0
p 323 0 -154
r 0 67 0
s 5 5 5

o 0
p 143 0 409
r 0 48 0
s 5 5 5

o 0
p -206 0 146
r 0 48 0
s 5 5 5

o 0
p 87 0 -68
r 0 142 0
s 5 5 5

o 0
p -465 0 496
r 0 214 0
s 5 5 5

o 0
p 223 0 -496
r 0 24 0
s 5 5 5

o 0
p -336 0 -493
r 0 232 0
s 5 5 5

o 0
p -285 0 175
r 0 352 0
s 5 5 5

o 0
p 140 0 -289
r 0 356 0
s 5 5 5

o 0
p -213 0 -38
r 0 356 0
s 5 5 5

o 0
p -173 0 -188
r 0 315 0
s 5 5 5

o 0
p 29 0 237
r 0 117 0
s 5 5 5

o 0
p 321 0 -66
r 0 81 0
s 5 5 5

o 0
p 326 0 282
r 0 91 0
s 5 5 5

o 0
p 266 0 -227
r 0 77 0
s 5 5 5

o 0
p -219 0 291
r 0 238 0
s 5 5 5

o 0
p -274 0 384
r 0 63 0
s 5 5 5

o 0
p 149 0 -417
r 0 290 0
s 5 5 5

o 0
p 230 0 -236
r 0 143 0
s 5 5 5

o 0
p -348 0 489
r 0 327 0
s 5 5 5

o 0
p 212 0 9
r 0 251 0
s 5 5 5

o 0
p 86 0 -315
r 0 153 0
s 5 5 5

o 0
p -131 0 351
r 0 95 0
s 5 5 5

o 0
p 199 0 272
r 0 38 0
s 5 5 5

o 0
p 260 0 -462
r 0 190 0
s 5 5 5

o 0
p 44 0 53
r 0 278 0
s 5 5 5

o 0
p -490 0 -257
r 0 279 0
s 5 5 5

o 0
p 255 0 159
r 0 292 0
s 5 5 5

o 0
p -125 0 -71
r 0 58 0
s 5 5 5

o 0
p -342 0 360
r 0 169 0
s 5 5 5

o 0
p -481 0 295
r 0 185 0
s 5 5 5

o 0
p 254 0 144
r 0 307 0
s 5 5 5

