o 0
p 20 0 10
s 5 5 5
r 0 90 0
a gens

o 1
p -10 0 -6
r 0 30 0

o 2
p 5 7 -15
s 5 5 5

o 3
p 5 0 0
s 3 3 3

o 3
p 5 0 10
s 3 3 3
r 0 180 0

o 4
p -30 0 -70
r 0 63 0
s 1.53667 1.53667 1.53667

o 4
p -26 0 75
r 0 184 0
s 1.63667 1.63667 1.63667

o 4
p 14 0 -50
r 0 258 0
s 2.83667 2.83667 2.83667

o 4
p -76 0 34
r 0 51 0
s 0.303333 0.303333 0.303333

o 4
p 97 0 -95
r 0 354 0
s 2.17 2.17 2.17

o 4
p 7 0 54
r 0 53 0
s 2.43667 2.43667 2.43667

o 4
p 96 0 -78
r 0 110 0
s 0.403333 0.403333 0.403333

o 4
p -98 0 15
r 0 20 0
s 1.40333 1.40333 1.40333

o 4
p -98 0 -75
r 0 22 0
s 1.07 1.07 1.07

o 4
p -59 0 -1
r 0 263 0
s 1.17 1.17 1.17

o 4
p -18 0 62
r 0 244 0
s 0.236667 0.236667 0.236667

o 4
p 30 0 -13
r 0 44 0
s 2.27 2.27 2.27

o 4
p -65 0 -38
r 0 346 0
s 3.07 3.07 3.07

o 4
p 0 0 94
s 0.603333 0.603333 0.603333

o 4
p -79 0 66
r 0 206 0
s 1.97 1.97 1.97

o 4
p 81 0 -90
r 0 270 0
s 0.203333 0.203333 0.203333

o 4
p 70 0 -48
r 0 330 0
s 2.57 2.57 2.57

o 4
p 56 0 -66
r 0 26 0
s 0.07 0.07 0.07

o 4
p 35 0 -59
r 0 186 0
s 3.17 3.17 3.17

o 4
p 88 0 30
r 0 141 0
s 2.87 2.87 2.87

o 4
p 70 0 -45
r 0 148 0
s 0.17 0.17 0.17

o 4
p -10 0 -21
r 0 308 0
s 1.57 1.57 1.57

o 4
p -4 0 -23
r 0 300 0
s 1.30333 1.30333 1.30333

o 4
p -30 0 -31
r 0 151 0
s 2.33667 2.33667 2.33667

o 4
p 98 0 -35
r 0 58 0
s 2.43667 2.43667 2.43667

o 4
p -39 0 50
r 0 234 0
s 0.403333 0.403333 0.403333

o 4
p -12 0 84
r 0 339 0
s 0.836667 0.836667 0.836667

o 4
p 85 0 38
r 0 299 0
s 2.53667 2.53667 2.53667

o 4
p -57 0 -30
r 0 329 0
s 2.50333 2.50333 2.50333

o 4
p -8 0 74
r 0 157 0
s 2.37 2.37 2.37

o 4
p -22 0 90
r 0 184 0
s 1.80333 1.80333 1.80333

o 4
p -22 0 -89
r 0 84 0
s 1.47 1.47 1.47

o 4
p 51 0 85
r 0 48 0
s 1.70333 1.70333 1.70333

o 4
p 51 0 26
r 0 354 0
s 3.13667 3.13667 3.13667

o 4
p -12 0 87
r 0 235 0
s 0.436667 0.436667 0.436667

o 4
p 2 0 50
r 0 318 0
s 0.97 0.97 0.97

o 4
p -50 0 -31
r 0 307 0
s 0.37 0.37 0.37

o 4
p -97 0 -100
s 3.07 3.07 3.07

o 4
p -31 0 -12
r 0 327 0
s 1.63667 1.63667 1.63667

o 4
p 59 0 -23
r 0 304 0
s 0.903333 0.903333 0.903333


o 5
p -2 0 -103
r 0 256 0
s 1.93667 1.93667 1.93667

o 5
p -95 0 -108
r 0 303 0
s 0.936667 0.936667 0.936667

o 5
p 81 0 3
r 0 105 0
s 2.50333 2.50333 2.50333

o 5
p -65 0 2
r 0 194 0
s 2.23667 2.23667 2.23667

o 5
p 41 0 -94
r 0 344 0
s 1.43667 1.43667 1.43667

o 5
p 94 0 25
r 0 82 0
s 1.13667 1.13667 1.13667

o 5
p 69 0 -57
r 0 122 0
s 1.23667 1.23667 1.23667

o 5
p -17 0 119
r 0 353 0
s 1.97 1.97 1.97

o 5
p -24 0 -101
r 0 37 0
s 2.27 2.27 2.27

o 5
p -104 0 80
r 0 230 0
s 0.436667 0.436667 0.436667

o 5
p 102 0 36
r 0 49 0
s 0.136667 0.136667 0.136667

o 5
p -42 0 57
r 0 240 0
s 3.03667 3.03667 3.03667

o 5
p 74 0 -113
r 0 260 0
s 2.67 2.67 2.67

o 5
p 31 0 -55
r 0 143 0
s 2.20333 2.20333 2.20333

o 5
p -14 0 41
r 0 267 0
s 1.10333 1.10333 1.10333


o 6
s 150 150 150

o 7
s 150 150 150

o 8
p -12 0 14
s 0.1 0.1 0.1

o 9
p -20 0 25

o 10
p -30 0 20

o 11 
p -50 0 10